train-seats number-passengers partition-boarding boarding-in-lines boarding-behaviour
 "doubles" 200 101 0 "bad" 
counter-boarding-inside counter-boarding-finished counter-alighting-outside counter-alighting-finished ticks
 29 34 5 13 36 
 27 33 5 13 35 
 34 41 5 13 43 
 20 26 5 13 28 
 27 31 5 13 33 
 25 31 5 13 33 
 31 36 5 13 38 
 30 35 5 13 37 
 28 33 5 13 35 
 39 45 5 13 47 
 30 38 5 13 40 
 23 30 5 13 32 
 36 43 5 13 45 
 24 30 5 13 32 
 27 33 5 13 35 
 30 35 5 13 37 
 27 34 5 13 36 
 33 38 5 13 40 
 41 47 5 13 49 
 21 29 5 13 31 
 24 28 5 13 30 
 34 39 5 13 41 
 23 30 5 13 32 
 20 28 5 13 30 
 35 40 5 13 42 
 27 33 5 13 35 
 29 36 5 13 38 
 33 41 5 13 43 
 43 48 5 13 50 
 23 30 5 13 32 
 29 32 5 13 34 
 29 37 5 13 39 
 27 35 5 13 37 
 20 24 5 13 26 
 25 29 5 13 31 
 37 44 5 13 46 
 21 30 5 13 32 
 21 28 5 13 30 
 32 36 5 13 38 
 27 31 5 13 33 
 25 30 5 13 32 
 22 28 5 13 30 
 33 37 5 13 39 
 25 33 5 13 35 
 25 30 5 13 32 
 25 31 5 13 33 
 22 27 5 13 29 
 35 41 5 13 43 
 24 32 5 13 34 
 27 32 5 13 34 
 30 34 5 13 36 
 35 43 5 13 45 
 29 36 5 13 38 
 22 29 5 13 31 
 24 30 5 13 32 
 38 41 5 13 43 
 32 39 5 13 41 
 34 39 5 13 41 
 22 27 5 13 29 
 21 26 5 13 28 
 36 39 5 13 41 
 23 30 5 13 32 
 23 29 5 13 31 
 35 39 5 13 41 
 28 32 5 13 34 
 30 36 5 13 38 
 20 24 5 13 26 
 30 35 5 13 37 
 30 35 5 13 37 
 30 34 5 13 36 
 25 31 5 13 33 
 28 32 5 13 34 
 22 27 5 13 29 
 28 34 5 13 36 
 24 29 5 13 31 
 30 35 5 13 37 
 25 33 5 13 35 
 34 40 5 13 42 
 25 33 5 13 35 
 25 30 5 13 32 
 24 30 5 13 32 
 28 35 5 13 37 
 27 33 5 13 35 
 27 33 5 13 35 
 25 32 5 13 34 
 24 31 5 13 33 
 24 28 5 13 30 
 27 32 5 13 34 
 25 30 5 13 32 
 30 36 5 13 38 
 23 28 5 13 30 
 46 50 5 13 52 
 27 33 5 13 35 
 27 33 5 13 35 
 29 33 5 13 35 
 27 33 5 13 35 
 28 36 5 13 38 
 28 32 5 13 34 
 34 38 5 13 40 
 31 37 5 13 39 
