train-seats number-passengers partition-boarding boarding-in-lines boarding-behaviour
 "doubles" 100 50 0.5 "mixed" 
counter-boarding-inside counter-boarding-finished counter-alighting-outside counter-alighting-finished ticks
 13 19 5 13 21 
 17 23 5 13 25 
 16 22 5 13 24 
 12 19 5 13 21 
 15 20 5 13 22 
 13 19 5 13 21 
 14 21 5 13 23 
 16 23 5 13 25 
 18 24 5 13 26 
 13 18 5 13 20 
 13 19 5 13 21 
 16 21 5 13 23 
 14 20 5 13 22 
 15 20 5 13 22 
 13 20 5 13 22 
 14 19 5 13 21 
 16 22 5 13 24 
 16 21 5 13 23 
 16 21 5 13 23 
 14 19 5 13 21 
 13 19 5 13 21 
 15 21 5 13 23 
 13 19 5 13 21 
 14 21 5 13 23 
 15 20 5 13 22 
 17 22 5 13 24 
 12 19 5 13 21 
 13 18 5 13 20 
 15 21 5 13 23 
 14 21 5 13 23 
 13 19 4 12 21 
 16 22 5 13 24 
 19 24 5 13 26 
 14 20 5 13 22 
 15 21 5 13 23 
 12 19 5 13 21 
 17 22 5 13 24 
 12 18 5 13 20 
 18 23 5 13 25 
 14 20 5 13 22 
 14 20 5 13 22 
 14 19 4 12 21 
 13 18 5 13 20 
 12 18 4 12 20 
 17 22 5 13 24 
 14 20 5 13 22 
 15 20 5 13 22 
 12 18 5 13 20 
 13 19 5 13 21 
 12 17 5 13 19 
 16 21 5 13 23 
 16 21 5 13 23 
 15 20 5 13 22 
 14 19 5 13 21 
 15 21 5 13 23 
 12 18 5 13 20 
 13 18 5 13 20 
 16 20 5 13 22 
 15 20 5 13 22 
 12 18 5 13 20 
 19 24 5 13 26 
 15 21 5 13 23 
 17 22 5 13 24 
 14 21 5 13 23 
 20 25 5 13 27 
 12 18 4 12 20 
 23 29 5 13 31 
 13 18 5 13 20 
 14 20 5 13 22 
 14 20 5 13 22 
 13 21 5 13 23 
 14 20 5 13 22 
 13 18 5 13 20 
 17 23 5 13 25 
 13 18 5 13 20 
 16 22 5 13 24 
 18 24 5 13 26 
 15 22 5 13 24 
 14 19 5 13 21 
 15 21 5 13 23 
 14 19 5 13 21 
 15 20 5 13 22 
 15 20 5 13 22 
 15 19 5 13 21 
 13 19 5 13 21 
 13 19 5 13 21 
 13 19 5 13 21 
 15 22 5 13 24 
 16 21 5 13 23 
 15 21 5 13 23 
 13 19 5 13 21 
 13 18 5 13 20 
 14 20 5 13 22 
 14 20 5 13 22 
 14 20 5 13 22 
 13 18 4 12 20 
 15 21 4 12 23 
 14 18 5 13 20 
 15 21 5 13 23 
 16 21 5 13 23 
