train-seats number-passengers partition-boarding boarding-in-lines boarding-behaviour
 "doubles" 100 50 1 "mixed" 
counter-boarding-inside counter-boarding-finished counter-alighting-outside counter-alighting-finished ticks
 14 20 5 13 22 
 12 18 5 13 20 
 18 23 5 13 25 
 13 18 5 13 20 
 17 21 4 12 23 
 18 23 5 13 25 
 18 23 5 13 25 
 18 24 5 13 26 
 13 19 5 13 21 
 16 22 5 13 24 
 14 19 5 13 21 
 18 24 5 13 26 
 17 23 5 13 25 
 16 22 5 13 24 
 17 23 5 13 25 
 17 22 5 13 24 
 17 22 5 13 24 
 14 20 5 13 22 
 18 23 5 13 25 
 18 24 5 13 26 
 15 20 5 13 22 
 15 20 5 13 22 
 17 22 5 13 24 
 19 23 5 13 25 
 14 19 4 12 21 
 18 23 5 13 25 
 17 23 5 13 25 
 19 25 5 13 27 
 18 22 5 13 24 
 15 20 5 13 22 
 18 23 5 13 25 
 15 21 5 13 23 
 19 24 5 13 26 
 18 23 5 13 25 
 18 23 5 13 25 
 14 19 5 13 21 
 16 23 5 13 25 
 12 19 5 13 21 
 16 22 5 13 24 
 16 21 5 13 23 
 15 21 5 13 23 
 14 20 5 13 22 
 17 23 5 13 25 
 14 19 5 13 21 
 13 19 5 13 21 
 16 21 5 13 23 
 17 23 5 13 25 
 16 22 5 13 24 
 14 19 5 13 21 
 18 23 5 13 25 
 15 21 5 13 23 
 15 22 5 13 24 
 17 23 5 13 25 
 14 21 5 13 23 
 15 21 5 13 23 
 17 22 5 13 24 
 14 19 5 13 21 
 15 20 5 13 22 
 17 21 5 13 23 
 15 20 5 13 22 
 14 19 5 13 21 
 17 22 5 13 24 
 14 21 5 13 23 
 18 24 5 13 26 
 16 22 5 13 24 
 18 24 5 13 26 
 15 22 5 13 24 
 15 20 5 13 22 
 18 24 4 12 26 
 20 27 5 13 29 
 17 23 4 12 25 
 20 25 5 13 27 
 15 20 5 13 22 
 21 26 5 13 28 
 15 20 5 13 22 
 14 19 5 13 21 
 16 21 5 13 23 
 15 20 5 13 22 
 14 20 4 12 22 
 16 22 5 13 24 
 18 22 5 13 24 
 15 20 5 13 22 
 16 22 5 13 24 
 17 23 5 13 25 
 16 22 5 13 24 
 18 23 5 13 25 
 21 27 5 13 29 
 18 24 5 13 26 
 18 24 5 13 26 
 16 21 5 13 23 
 22 26 5 13 28 
 15 21 5 13 23 
 16 22 5 13 24 
 18 24 5 13 26 
 17 22 5 13 24 
 15 21 5 13 23 
 17 22 5 13 24 
 16 21 5 13 23 
 15 20 5 13 22 
 15 21 5 13 23 
