train-seats number-passengers partition-boarding boarding-in-lines boarding-behaviour
 "lines" 50 25 0 "good" 
counter-boarding-inside counter-boarding-finished counter-alighting-outside counter-alighting-finished ticks
 14 20 5 13 22 
 11 19 5 13 21 
 15 23 5 13 25 
 13 20 5 13 22 
 14 20 5 13 22 
 15 21 5 13 23 
 12 18 5 13 20 
 14 21 5 13 23 
 15 22 5 13 24 
 16 22 5 13 24 
 14 21 5 13 23 
 13 19 5 13 21 
 13 23 5 13 25 
 14 24 5 13 26 
 14 24 5 13 26 
 16 22 5 13 24 
 16 22 5 13 24 
 12 18 5 13 20 
 15 21 5 13 23 
 13 20 5 13 22 
 14 20 5 13 22 
 13 19 5 13 21 
 13 21 5 13 23 
 15 23 5 13 25 
 12 20 4 12 22 
 14 20 5 13 22 
 12 18 5 13 20 
 12 20 5 13 22 
 13 20 5 13 22 
 13 20 5 13 22 
 17 24 5 13 26 
 12 18 5 13 20 
 12 19 5 13 21 
 16 23 5 13 25 
 13 20 5 13 22 
 11 18 5 13 20 
 12 19 5 13 21 
 15 21 5 13 23 
 17 24 5 13 26 
 17 23 5 13 25 
 16 22 5 13 24 
 13 20 5 13 22 
 14 20 5 13 22 
 12 19 5 13 21 
 13 19 5 13 21 
 11 18 5 13 20 
 11 18 5 13 20 
 13 20 4 12 22 
 14 20 5 13 22 
 13 19 5 13 21 
 15 21 5 13 23 
 16 22 5 13 24 
 13 20 5 13 22 
 13 20 5 13 22 
 14 21 5 13 23 
 13 19 5 13 21 
 16 23 5 13 25 
 18 24 5 13 26 
 11 18 5 13 20 
 14 21 5 13 23 
 16 20 5 13 22 
 13 20 5 13 22 
 13 18 5 13 20 
 14 20 5 13 22 
 14 21 5 13 23 
 14 24 5 13 26 
 13 19 5 13 21 
 13 20 5 13 22 
 16 22 5 13 24 
 16 23 5 13 25 
 15 21 5 13 23 
 15 22 5 13 24 
 14 21 5 13 23 
 13 19 5 13 21 
 14 20 5 13 22 
 12 18 5 13 20 
 15 21 5 13 23 
 13 20 5 13 22 
 13 18 5 13 20 
 18 24 5 13 26 
 14 21 5 13 23 
 15 20 5 13 22 
 19 25 5 13 27 
 13 19 5 13 21 
 13 20 5 13 22 
 14 21 5 13 23 
 11 18 5 13 20 
 14 21 5 13 23 
 16 22 5 13 24 
 13 19 5 13 21 
 12 19 5 13 21 
 14 19 5 13 21 
 15 21 5 13 23 
 17 25 5 13 27 
 15 20 5 13 22 
 14 19 5 13 21 
 13 21 5 13 23 
 14 20 5 13 22 
 13 19 5 13 21 
 15 23 5 13 25 
