train-seats number-passengers partition-boarding boarding-in-lines boarding-behaviour
 "doubles" 50 25 0.5 "mixed" 
counter-boarding-inside counter-boarding-finished counter-alighting-outside counter-alighting-finished ticks
 10 17 5 13 19 
 17 24 5 13 26 
 12 18 5 13 20 
 11 18 5 13 20 
 10 17 5 13 19 
 15 22 5 13 24 
 13 20 5 13 22 
 11 18 5 13 20 
 18 25 5 13 27 
 15 22 5 13 24 
 14 21 5 13 23 
 13 19 5 13 21 
 14 21 5 13 23 
 15 18 5 13 20 
 11 18 5 13 20 
 12 18 5 13 20 
 12 19 5 13 21 
 13 20 5 13 22 
 14 20 5 13 22 
 12 19 4 12 21 
 14 19 5 13 21 
 14 21 5 13 23 
 11 18 5 13 20 
 14 20 5 13 22 
 12 18 5 13 20 
 12 19 5 13 21 
 12 19 5 13 21 
 11 17 5 13 19 
 11 18 5 13 20 
 17 23 5 13 25 
 13 20 5 13 22 
 11 17 5 13 19 
 14 20 5 13 22 
 11 18 5 13 20 
 13 19 5 13 21 
 13 20 5 13 22 
 10 17 5 13 19 
 12 19 5 13 21 
 12 19 5 13 21 
 12 19 5 13 21 
 11 18 5 13 20 
 11 18 5 13 20 
 12 20 5 13 22 
 13 20 5 13 22 
 10 16 5 13 18 
 14 21 5 13 23 
 11 17 5 13 19 
 14 21 5 13 23 
 12 18 5 13 20 
 14 21 4 12 23 
 13 20 5 13 22 
 11 16 5 13 18 
 11 17 5 13 19 
 12 19 4 12 21 
 10 16 5 13 18 
 14 20 5 13 22 
 12 18 5 13 20 
 13 17 5 13 19 
 15 22 5 13 24 
 13 20 5 13 22 
 11 18 5 13 20 
 10 17 5 13 19 
 14 21 5 13 23 
 16 23 5 13 25 
 14 20 5 13 22 
 12 19 5 13 21 
 13 20 5 13 22 
 12 19 5 13 21 
 13 19 5 13 21 
 11 16 5 13 18 
 13 19 5 13 21 
 13 20 5 13 22 
 14 20 5 13 22 
 20 27 5 13 29 
 13 19 5 13 21 
 16 23 5 13 25 
 12 19 5 13 21 
 16 22 5 13 24 
 12 19 5 13 21 
 11 18 5 13 20 
 12 18 5 13 20 
 11 17 5 13 19 
 12 18 5 13 20 
 12 19 5 13 21 
 14 21 5 13 23 
 14 21 5 13 23 
 10 17 5 13 19 
 12 18 5 13 20 
 13 19 5 13 21 
 14 21 5 13 23 
 13 20 5 13 22 
 12 18 5 13 20 
 16 23 5 13 25 
 10 16 5 13 18 
 10 17 5 13 19 
 10 18 5 13 20 
 15 21 5 13 23 
 11 18 5 13 20 
 9 16 5 13 18 
 13 19 5 13 21 
