train-seats number-passengers partition-boarding boarding-in-lines boarding-behaviour
 "doubles" 200 101 1 "good" 
counter-boarding-inside counter-boarding-finished counter-alighting-outside counter-alighting-finished ticks
 45 49 5 13 51 
 31 37 5 13 39 
 26 30 5 13 32 
 24 31 5 13 33 
 36 42 5 13 44 
 38 42 5 13 44 
 43 48 5 13 50 
 36 41 5 13 43 
 35 43 5 13 45 
 37 40 5 13 42 
 28 33 5 13 35 
 31 37 5 13 39 
 34 42 5 13 44 
 31 36 5 13 38 
 26 32 5 13 34 
 30 35 5 13 37 
 31 39 5 13 41 
 33 37 5 13 39 
 30 34 5 13 36 
 26 32 5 13 34 
 33 39 5 13 41 
 35 40 5 13 42 
 25 29 5 13 31 
 33 37 5 13 39 
 28 33 5 13 35 
 30 36 5 13 38 
 26 31 5 13 33 
 25 29 5 13 31 
 28 32 5 13 34 
 28 31 5 13 33 
 28 33 5 13 35 
 36 41 5 13 43 
 44 47 5 13 49 
 25 29 5 13 31 
 34 37 5 13 39 
 24 27 5 13 29 
 25 29 5 13 31 
 28 31 5 13 33 
 25 29 5 13 31 
 33 37 5 13 39 
 25 30 5 13 32 
 27 33 5 13 35 
 29 33 5 13 35 
 31 36 5 13 38 
 33 41 5 13 43 
 32 36 5 13 38 
 33 40 5 13 42 
 28 33 5 13 35 
 31 35 5 13 37 
 31 37 5 13 39 
 30 35 5 13 37 
 39 46 5 13 48 
 24 30 5 13 32 
 35 41 5 13 43 
 26 31 5 13 33 
 29 33 5 13 35 
 30 36 5 13 38 
 32 36 5 13 38 
 25 29 5 13 31 
 29 34 5 13 36 
 30 36 5 13 38 
 30 34 5 13 36 
 34 39 5 13 41 
 28 33 5 13 35 
 26 32 5 13 34 
 24 33 5 13 35 
 26 32 5 13 34 
 25 30 5 13 32 
 35 39 5 13 41 
 26 29 5 13 31 
 32 35 5 13 37 
 27 31 5 13 33 
 26 30 5 13 32 
 24 28 5 13 30 
 32 38 5 13 40 
 31 35 5 13 37 
 33 40 5 13 42 
 26 30 5 13 32 
 33 41 5 13 43 
 31 36 5 13 38 
 32 39 5 13 41 
 32 35 5 13 37 
 36 41 5 13 43 
 26 32 5 13 34 
 26 31 5 13 33 
 24 30 5 13 32 
 25 33 5 13 35 
 24 32 5 13 34 
 26 30 5 13 32 
 25 30 5 13 32 
 26 31 5 13 33 
 33 38 5 13 40 
 25 31 5 13 33 
 27 33 5 13 35 
 28 32 5 13 34 
 35 39 5 13 41 
 34 38 5 13 40 
 26 31 5 13 33 
 25 31 5 13 33 
 36 42 5 13 44 
