train-seats number-passengers partition-boarding boarding-in-lines boarding-behaviour
 "lines" 50 25 1 "bad" 
counter-boarding-inside counter-boarding-finished counter-alighting-outside counter-alighting-finished ticks
 8 17 5 13 19 
 6 13 5 13 15 
 8 15 5 13 17 
 6 12 5 13 15 
 10 16 5 13 18 
 8 15 5 13 17 
 8 14 5 13 16 
 10 20 5 13 22 
 6 13 5 13 15 
 7 14 5 13 16 
 7 14 5 13 16 
 7 14 5 13 16 
 8 14 5 13 16 
 10 18 5 13 20 
 7 14 5 13 16 
 6 13 5 13 15 
 11 17 5 13 19 
 8 16 5 13 18 
 9 15 5 13 17 
 7 14 5 13 16 
 7 14 5 13 16 
 10 16 5 13 18 
 7 14 5 13 16 
 7 16 5 13 18 
 9 16 5 13 18 
 8 15 5 13 17 
 9 15 5 13 17 
 9 15 5 13 17 
 10 16 5 13 18 
 8 15 5 13 17 
 7 13 5 13 15 
 7 14 5 13 16 
 9 16 5 13 18 
 8 15 5 13 17 
 10 16 5 13 18 
 8 13 5 13 15 
 10 17 5 13 19 
 11 17 5 13 19 
 7 14 5 13 16 
 5 11 5 13 15 
 9 15 5 13 17 
 8 15 5 13 17 
 9 16 5 13 18 
 7 14 5 13 16 
 8 14 5 13 16 
 7 14 5 13 16 
 7 13 5 13 15 
 7 17 5 13 19 
 7 14 5 13 16 
 8 14 5 13 16 
 11 17 5 13 19 
 9 15 5 13 17 
 10 17 5 13 19 
 8 15 5 13 17 
 9 16 5 13 18 
 7 13 5 13 15 
 10 17 5 13 19 
 7 15 5 13 17 
 7 14 5 13 16 
 10 16 5 13 18 
 10 17 5 13 19 
 8 15 5 13 17 
 9 16 5 13 18 
 9 15 5 13 17 
 8 14 5 13 16 
 7 14 5 13 16 
 9 15 5 13 17 
 8 14 5 13 16 
 8 15 5 13 17 
 8 14 5 13 16 
 10 18 5 13 20 
 8 14 5 13 16 
 8 17 5 13 19 
 10 16 5 13 18 
 9 15 5 13 17 
 8 15 5 13 17 
 9 15 5 13 17 
 8 14 5 13 16 
 11 18 5 13 20 
 10 16 5 13 18 
 7 15 5 13 17 
 7 16 5 13 18 
 10 15 5 13 17 
 10 17 5 13 19 
 7 13 5 13 15 
 8 14 5 13 16 
 10 16 5 13 18 
 8 14 5 13 16 
 7 14 5 13 16 
 10 17 5 13 19 
 9 15 5 13 17 
 10 16 5 13 18 
 8 14 5 13 16 
 9 16 5 13 18 
 9 18 5 13 20 
 9 18 5 13 20 
 8 15 5 13 17 
 11 17 5 13 19 
 9 18 5 13 20 
 6 13 5 13 15 
