train-seats number-passengers partition-boarding boarding-in-lines boarding-behaviour
 "lines" 100 50 0.5 "mixed" 
counter-boarding-inside counter-boarding-finished counter-alighting-outside counter-alighting-finished ticks
 12 17 5 13 19 
 12 21 5 13 23 
 11 17 5 13 19 
 13 18 5 13 20 
 14 20 5 13 22 
 13 20 5 13 22 
 13 19 4 12 21 
 12 18 5 13 20 
 13 19 5 13 21 
 14 20 5 13 22 
 15 21 5 13 23 
 16 23 5 13 25 
 11 18 5 13 20 
 15 22 5 13 24 
 13 22 5 13 24 
 14 20 5 13 22 
 12 21 5 13 23 
 14 21 5 13 23 
 14 20 5 13 22 
 15 21 5 13 23 
 14 21 5 13 23 
 14 20 5 13 22 
 11 17 5 13 19 
 15 20 5 13 22 
 15 21 5 13 23 
 12 19 5 13 21 
 12 18 5 13 20 
 15 22 5 13 24 
 14 19 5 13 21 
 12 22 5 13 24 
 14 23 5 13 25 
 16 23 5 13 25 
 14 19 5 13 21 
 15 21 5 13 23 
 15 21 5 13 23 
 14 21 5 13 23 
 15 21 5 13 23 
 12 18 5 13 20 
 12 18 5 13 20 
 13 19 5 13 21 
 13 19 5 13 21 
 14 19 5 13 21 
 14 19 5 13 21 
 14 20 5 13 22 
 15 21 5 13 23 
 14 21 5 13 23 
 14 20 5 13 22 
 13 21 5 13 23 
 14 21 5 13 23 
 15 19 5 13 21 
 18 23 5 13 25 
 13 20 5 13 22 
 18 24 5 13 26 
 15 21 5 13 23 
 15 20 5 13 22 
 15 20 5 13 22 
 14 19 5 13 21 
 11 17 5 13 19 
 11 18 5 13 20 
 13 19 5 13 21 
 14 20 5 13 22 
 13 19 5 13 21 
 13 19 5 13 21 
 12 18 5 13 20 
 11 17 5 13 19 
 14 21 5 13 23 
 14 20 5 13 22 
 14 20 5 13 22 
 14 20 5 13 22 
 13 19 5 13 21 
 13 18 5 13 20 
 14 20 5 13 22 
 16 21 5 13 23 
 13 23 5 13 25 
 15 23 5 13 25 
 15 20 5 13 22 
 13 18 5 13 20 
 12 19 5 13 21 
 20 26 5 13 28 
 17 24 5 13 26 
 13 19 5 13 21 
 19 25 5 13 27 
 13 19 5 13 21 
 14 20 5 13 22 
 13 20 5 13 22 
 16 21 5 13 23 
 12 20 5 13 22 
 15 22 5 13 24 
 14 20 5 13 22 
 14 19 5 13 21 
 12 17 5 13 19 
 15 20 5 13 22 
 15 22 5 13 24 
 17 22 5 13 24 
 16 20 5 13 22 
 17 21 5 13 23 
 14 21 5 13 23 
 16 21 5 13 23 
 14 21 5 13 23 
 15 21 5 13 23 
