train-seats number-passengers partition-boarding boarding-in-lines boarding-behaviour
 "lines" 100 50 0 "bad" 
counter-boarding-inside counter-boarding-finished counter-alighting-outside counter-alighting-finished ticks
 13 18 5 13 20 
 11 20 5 13 22 
 15 23 5 13 25 
 13 21 5 13 23 
 11 17 5 13 19 
 11 17 5 13 19 
 9 17 4 12 19 
 11 16 5 13 18 
 13 21 5 13 23 
 11 19 5 13 21 
 12 19 5 13 21 
 12 19 5 13 21 
 12 17 5 13 19 
 11 19 5 13 21 
 11 17 5 13 19 
 13 19 5 13 21 
 18 22 5 13 24 
 15 19 5 13 21 
 10 16 5 13 18 
 12 19 5 13 21 
 10 18 5 13 20 
 16 23 5 13 25 
 9 17 5 13 19 
 10 20 5 13 22 
 12 20 5 13 22 
 11 18 5 13 20 
 14 22 5 13 24 
 13 22 5 13 24 
 13 21 5 13 23 
 11 18 5 13 20 
 13 19 5 13 21 
 13 20 5 13 22 
 14 22 5 13 24 
 12 17 5 13 19 
 16 21 5 13 23 
 14 21 5 13 23 
 10 19 5 13 21 
 12 21 5 13 23 
 11 20 5 13 22 
 12 16 5 13 18 
 10 19 5 13 21 
 14 18 5 13 20 
 11 17 5 13 19 
 12 19 5 13 21 
 13 18 5 13 20 
 10 15 5 13 17 
 14 21 5 13 23 
 14 18 5 13 20 
 11 16 5 13 18 
 15 19 5 13 21 
 9 17 5 13 19 
 9 15 5 13 17 
 9 15 5 13 17 
 10 16 5 13 18 
 9 16 5 13 18 
 15 23 5 13 25 
 11 21 5 13 23 
 14 20 5 13 22 
 10 20 5 13 22 
 12 17 5 13 19 
 8 14 5 13 16 
 17 20 5 13 22 
 13 21 5 13 23 
 11 20 5 13 22 
 9 15 5 13 17 
 12 20 5 13 22 
 16 22 5 13 24 
 14 22 5 13 24 
 12 18 5 13 20 
 13 19 5 13 21 
 10 17 5 13 19 
 11 20 5 13 22 
 15 22 5 13 24 
 14 20 5 13 22 
 15 23 5 13 25 
 13 19 5 13 21 
 14 22 4 12 24 
 12 18 5 13 20 
 11 17 5 13 19 
 14 19 5 13 21 
 11 18 5 13 20 
 10 20 5 13 22 
 12 18 5 13 20 
 11 19 5 13 21 
 7 14 5 13 16 
 11 18 5 13 20 
 9 18 5 13 20 
 13 18 5 13 20 
 12 22 5 13 24 
 15 22 5 13 24 
 12 18 5 13 20 
 10 20 5 13 22 
 12 17 5 13 19 
 11 19 5 13 21 
 17 24 5 13 26 
 9 16 5 13 18 
 10 18 5 13 20 
 11 17 5 13 19 
 12 18 5 13 20 
 10 19 5 13 21 
