train-seats number-passengers partition-boarding boarding-in-lines boarding-behaviour
 "doubles" 50 25 0 "mixed" 
counter-boarding-inside counter-boarding-finished counter-alighting-outside counter-alighting-finished ticks
 15 21 5 13 23 
 11 18 5 13 20 
 11 18 5 13 20 
 14 20 5 13 22 
 12 19 5 13 21 
 13 19 5 13 21 
 15 22 5 13 24 
 14 20 5 13 22 
 13 20 5 13 22 
 12 18 4 12 20 
 12 18 5 13 20 
 14 21 5 13 23 
 12 19 5 13 21 
 14 20 5 13 22 
 10 17 5 13 19 
 14 20 5 13 22 
 11 18 5 13 20 
 12 18 5 13 20 
 16 22 5 13 24 
 10 17 5 13 19 
 12 19 5 13 21 
 13 20 5 13 22 
 14 20 5 13 22 
 12 19 4 12 21 
 10 16 5 13 18 
 13 19 5 13 21 
 12 18 5 13 20 
 14 20 5 13 22 
 16 23 5 13 25 
 13 19 5 13 21 
 12 19 5 13 21 
 13 19 5 13 21 
 12 19 5 13 21 
 13 18 5 13 20 
 12 19 5 13 21 
 14 20 5 13 22 
 14 20 5 13 22 
 14 21 5 13 23 
 11 18 5 13 20 
 15 22 5 13 24 
 12 17 5 13 19 
 12 18 5 13 20 
 15 21 5 13 23 
 13 20 5 13 22 
 12 18 5 13 20 
 19 25 5 13 27 
 12 19 5 13 21 
 12 18 5 13 20 
 11 17 5 13 19 
 14 21 5 13 23 
 10 16 5 13 18 
 13 19 5 13 21 
 11 18 5 13 20 
 10 17 5 13 19 
 11 17 4 12 19 
 11 18 5 13 20 
 11 18 5 13 20 
 18 25 5 13 27 
 13 20 5 13 22 
 12 20 5 13 22 
 10 17 5 13 19 
 13 20 5 13 22 
 11 17 5 13 19 
 16 23 5 13 25 
 13 20 5 13 22 
 13 18 5 13 20 
 12 19 5 13 21 
 16 23 5 13 25 
 15 22 5 13 24 
 11 17 5 13 19 
 14 20 5 13 22 
 14 20 5 13 22 
 11 18 5 13 20 
 14 20 5 13 22 
 15 21 5 13 23 
 12 19 5 13 21 
 14 20 5 13 22 
 14 20 5 13 22 
 13 19 5 13 21 
 13 19 5 13 21 
 14 21 5 13 23 
 11 17 5 13 19 
 12 19 5 13 21 
 16 23 5 13 25 
 15 21 5 13 23 
 13 19 5 13 21 
 11 18 5 13 20 
 10 17 5 13 19 
 11 17 5 13 19 
 13 19 5 13 21 
 12 19 5 13 21 
 15 21 5 13 23 
 17 25 5 13 27 
 15 22 5 13 24 
 11 17 5 13 19 
 12 19 5 13 21 
 13 19 5 13 21 
 13 20 5 13 22 
 12 17 5 13 19 
 13 19 5 13 21 
