train-seats number-passengers partition-boarding boarding-in-lines boarding-behaviour
 "lines" 50 25 1 "good" 
counter-boarding-inside counter-boarding-finished counter-alighting-outside counter-alighting-finished ticks
 13 20 5 13 22 
 12 19 4 12 21 
 14 21 5 13 23 
 14 20 5 13 22 
 17 24 5 13 26 
 14 21 5 13 23 
 15 25 5 13 27 
 13 19 4 12 21 
 14 21 5 13 23 
 16 23 5 13 25 
 12 19 5 13 21 
 14 21 5 13 23 
 15 21 5 13 23 
 15 21 5 13 23 
 13 20 5 13 22 
 14 21 5 13 23 
 14 21 5 13 23 
 15 22 5 13 24 
 15 21 5 13 23 
 14 22 5 13 24 
 14 21 5 13 23 
 14 21 5 13 23 
 14 21 5 13 23 
 18 24 5 13 26 
 19 25 4 12 27 
 14 20 5 13 22 
 16 23 5 13 25 
 14 19 5 13 21 
 14 21 5 13 23 
 14 24 5 13 26 
 15 23 5 13 25 
 12 20 5 13 22 
 12 20 5 13 22 
 16 22 5 13 24 
 15 22 5 13 24 
 16 23 5 13 25 
 12 18 5 13 20 
 11 18 5 13 20 
 14 20 5 13 22 
 17 23 5 13 25 
 13 20 5 13 22 
 14 21 5 13 23 
 14 20 5 13 22 
 17 23 5 13 25 
 15 25 5 13 27 
 13 20 5 13 22 
 14 21 5 13 23 
 12 19 5 13 21 
 15 21 5 13 23 
 12 18 5 13 20 
 12 19 4 12 21 
 16 22 5 13 24 
 13 20 5 13 22 
 14 22 5 13 24 
 14 21 5 13 23 
 14 21 5 13 23 
 14 20 5 13 22 
 14 21 5 13 23 
 15 22 5 13 24 
 14 21 5 13 23 
 13 20 5 13 22 
 13 20 5 13 22 
 16 22 5 13 24 
 13 20 5 13 22 
 13 19 5 13 21 
 15 23 5 13 25 
 13 19 5 13 21 
 14 21 5 13 23 
 14 22 5 13 24 
 13 20 5 13 22 
 14 21 5 13 23 
 14 20 5 13 22 
 15 21 5 13 23 
 14 22 5 13 24 
 14 21 5 13 23 
 16 23 5 13 25 
 13 20 5 13 22 
 14 20 5 13 22 
 14 21 5 13 23 
 14 21 5 13 23 
 13 20 5 13 22 
 13 20 5 13 22 
 17 24 5 13 26 
 14 21 5 13 23 
 12 19 5 13 21 
 14 20 5 13 22 
 15 22 5 13 24 
 15 21 5 13 23 
 16 23 5 13 25 
 15 21 5 13 23 
 11 18 5 13 20 
 14 21 5 13 23 
 14 21 5 13 23 
 13 19 5 13 21 
 11 19 5 13 21 
 16 23 5 13 25 
 18 25 5 13 27 
 14 21 5 13 23 
 14 20 5 13 22 
 11 18 5 13 20 
