train-seats number-passengers partition-boarding boarding-in-lines boarding-behaviour
 "lines" 100 50 0.5 "good" 
counter-boarding-inside counter-boarding-finished counter-alighting-outside counter-alighting-finished ticks
 15 21 5 13 23 
 13 19 5 13 21 
 15 22 5 13 24 
 16 21 5 13 23 
 14 20 5 13 22 
 14 21 5 13 23 
 17 23 5 13 25 
 18 23 5 13 25 
 16 23 5 13 25 
 16 24 5 13 26 
 15 20 5 13 22 
 14 19 5 13 21 
 15 22 5 13 24 
 14 23 5 13 25 
 14 24 5 13 26 
 16 21 5 13 23 
 16 22 5 13 24 
 14 21 5 13 23 
 14 20 5 13 22 
 17 22 5 13 24 
 14 21 5 13 23 
 14 20 5 13 22 
 17 23 5 13 25 
 14 21 4 12 23 
 15 21 5 13 23 
 16 23 5 13 25 
 16 23 5 13 25 
 16 22 5 13 24 
 15 21 5 13 23 
 15 23 5 13 25 
 14 19 5 13 21 
 15 21 5 13 23 
 14 20 5 13 22 
 14 23 5 13 25 
 15 20 5 13 22 
 14 21 5 13 23 
 14 20 5 13 22 
 14 22 5 13 24 
 15 21 5 13 23 
 14 20 5 13 22 
 18 23 5 13 25 
 18 24 5 13 26 
 15 22 5 13 24 
 16 22 5 13 24 
 15 21 5 13 23 
 14 20 5 13 22 
 14 20 5 13 22 
 16 22 5 13 24 
 14 20 5 13 22 
 14 20 5 13 22 
 14 21 5 13 23 
 20 24 5 13 26 
 15 21 5 13 23 
 13 19 5 13 21 
 15 21 5 13 23 
 13 20 5 13 22 
 15 22 5 13 24 
 15 24 5 13 26 
 15 22 5 13 24 
 15 23 5 13 25 
 17 24 5 13 26 
 15 21 5 13 23 
 14 22 5 13 24 
 16 21 5 13 23 
 15 21 5 13 23 
 13 20 5 13 22 
 15 21 5 13 23 
 16 22 5 13 24 
 15 23 5 13 25 
 13 20 5 13 22 
 15 21 5 13 23 
 13 20 5 13 22 
 15 21 5 13 23 
 14 20 5 13 22 
 13 22 5 13 24 
 15 21 4 12 23 
 15 20 5 13 22 
 16 24 5 13 26 
 15 21 5 13 23 
 15 22 5 13 24 
 16 25 5 13 27 
 16 22 5 13 24 
 14 20 5 13 22 
 13 21 5 13 23 
 14 21 5 13 23 
 17 23 5 13 25 
 14 20 5 13 22 
 16 22 5 13 24 
 17 25 5 13 27 
 18 28 5 13 30 
 13 22 5 13 24 
 14 21 5 13 23 
 13 20 5 13 22 
 14 20 5 13 22 
 17 22 5 13 24 
 15 20 5 13 22 
 17 23 5 13 25 
 16 22 5 13 24 
 18 24 5 13 26 
 14 20 5 13 22 
