train-seats number-passengers partition-boarding boarding-in-lines boarding-behaviour
 "lines" 200 101 0 "bad" 
counter-boarding-inside counter-boarding-finished counter-alighting-outside counter-alighting-finished ticks
 21 30 5 13 32 
 21 29 5 13 31 
 21 26 5 13 28 
 29 34 5 13 36 
 21 24 5 13 26 
 24 26 5 13 28 
 18 26 5 13 28 
 23 28 4 12 30 
 20 28 5 13 30 
 17 23 5 13 25 
 23 28 5 13 30 
 20 27 5 13 29 
 20 26 5 13 28 
 26 31 5 13 33 
 22 28 5 13 30 
 20 28 5 13 30 
 21 26 5 13 28 
 20 24 5 13 26 
 19 28 5 13 30 
 19 23 5 13 25 
 21 26 5 13 28 
 21 27 5 13 29 
 22 28 5 13 30 
 23 25 5 13 27 
 23 27 5 13 29 
 19 27 5 13 29 
 21 25 5 13 27 
 21 24 5 13 26 
 24 26 5 13 28 
 24 27 5 13 29 
 22 26 5 13 28 
 19 25 5 13 27 
 25 28 5 13 30 
 19 24 5 13 26 
 20 26 5 13 28 
 22 26 4 12 28 
 15 20 5 13 22 
 21 27 5 13 29 
 25 28 5 13 30 
 19 26 5 13 28 
 21 24 5 13 26 
 24 30 5 13 32 
 20 24 5 13 26 
 22 25 5 13 27 
 22 27 5 13 29 
 20 23 5 13 25 
 22 27 5 13 29 
 24 29 5 13 31 
 17 26 5 13 28 
 19 24 5 13 26 
 20 26 5 13 28 
 20 26 5 13 28 
 22 31 5 13 33 
 19 26 5 13 28 
 25 28 5 13 30 
 22 26 5 13 28 
 19 25 5 13 27 
 19 25 5 13 27 
 23 26 5 13 28 
 23 26 5 13 28 
 18 21 5 13 23 
 25 27 5 13 29 
 23 27 5 13 29 
 18 23 5 13 25 
 23 30 5 13 32 
 21 26 5 13 28 
 20 25 5 13 27 
 20 24 5 13 26 
 24 30 5 13 32 
 21 25 5 13 27 
 23 30 5 13 32 
 20 27 5 13 29 
 23 26 5 13 28 
 16 20 5 13 22 
 21 25 5 13 27 
 19 26 5 13 28 
 20 28 5 13 30 
 24 31 5 13 33 
 22 30 5 13 32 
 23 31 5 13 33 
 25 27 5 13 29 
 21 28 5 13 30 
 20 28 5 13 30 
 21 26 5 13 28 
 21 25 5 13 27 
 18 25 5 13 27 
 18 25 5 13 27 
 23 27 5 13 29 
 22 30 5 13 32 
 19 24 5 13 26 
 22 28 5 13 30 
 22 28 5 13 30 
 20 26 5 13 28 
 19 28 5 13 30 
 23 27 5 13 29 
 15 19 5 13 21 
 17 22 5 13 24 
 24 26 5 13 28 
 21 25 5 13 27 
 22 29 5 13 31 
