train-seats number-passengers partition-boarding boarding-in-lines boarding-behaviour
 "doubles" 200 101 0.5 "good" 
counter-boarding-inside counter-boarding-finished counter-alighting-outside counter-alighting-finished ticks
 33 38 5 13 40 
 30 36 5 13 38 
 25 30 5 13 32 
 25 31 5 13 33 
 26 31 4 12 33 
 35 39 5 13 41 
 26 33 5 13 35 
 29 33 5 13 35 
 28 33 5 13 35 
 30 34 5 13 36 
 37 45 5 13 47 
 31 35 5 13 37 
 29 34 5 13 36 
 24 29 5 13 31 
 29 33 5 13 35 
 36 42 5 13 44 
 26 35 5 13 37 
 31 37 5 13 39 
 26 32 5 13 34 
 28 32 5 13 34 
 34 39 5 13 41 
 28 33 5 13 35 
 34 39 4 12 41 
 34 38 5 13 40 
 28 34 5 13 36 
 25 29 5 13 31 
 26 34 5 13 36 
 28 33 5 13 35 
 28 34 5 13 36 
 29 34 5 13 36 
 21 29 5 13 31 
 33 38 5 13 40 
 26 30 5 13 32 
 24 30 5 13 32 
 23 27 5 13 29 
 26 31 5 13 33 
 25 32 5 13 34 
 28 33 5 13 35 
 25 32 5 13 34 
 25 31 5 13 33 
 30 36 5 13 38 
 24 29 5 13 31 
 32 37 5 13 39 
 24 28 5 13 30 
 30 35 5 13 37 
 30 39 5 13 41 
 34 39 5 13 41 
 27 32 5 13 34 
 34 38 5 13 40 
 25 29 5 13 31 
 32 40 5 13 42 
 25 31 5 13 33 
 28 35 5 13 37 
 28 32 5 13 34 
 39 44 5 13 46 
 24 29 5 13 31 
 35 40 5 13 42 
 32 38 5 13 40 
 32 38 5 13 40 
 35 38 5 13 40 
 28 33 5 13 35 
 23 31 5 13 33 
 31 39 5 13 41 
 29 33 5 13 35 
 25 31 5 13 33 
 28 32 5 13 34 
 40 45 5 13 47 
 24 32 5 13 34 
 29 35 5 13 37 
 27 32 5 13 34 
 32 37 5 13 39 
 37 45 5 13 47 
 29 33 5 13 35 
 30 38 5 13 40 
 28 34 5 13 36 
 26 34 5 13 36 
 26 32 5 13 34 
 31 37 5 13 39 
 26 32 5 13 34 
 37 40 5 13 42 
 30 34 5 13 36 
 26 31 5 13 33 
 28 32 5 13 34 
 24 28 5 13 30 
 25 30 5 13 32 
 30 36 4 12 38 
 26 30 5 13 32 
 34 40 5 13 42 
 29 34 5 13 36 
 29 35 5 13 37 
 33 42 5 13 44 
 25 31 5 13 33 
 38 44 5 13 46 
 25 32 5 13 34 
 26 30 5 13 32 
 23 30 5 13 32 
 32 37 5 13 39 
 29 34 4 12 36 
 27 31 5 13 33 
 28 34 5 13 36 
