train-seats number-passengers partition-boarding boarding-in-lines boarding-behaviour
 "lines" 200 101 1 "bad" 
counter-boarding-inside counter-boarding-finished counter-alighting-outside counter-alighting-finished ticks
 18 22 5 13 24 
 17 24 5 13 26 
 16 21 5 13 23 
 17 21 5 13 23 
 19 22 5 13 24 
 16 20 5 13 22 
 16 24 5 13 26 
 16 21 5 13 23 
 17 22 5 13 24 
 17 22 5 13 24 
 16 20 5 13 22 
 18 23 5 13 25 
 19 22 5 13 24 
 16 20 5 13 22 
 16 24 5 13 26 
 15 19 5 13 21 
 19 24 5 13 26 
 20 24 5 13 26 
 19 26 5 13 28 
 16 21 5 13 23 
 15 22 5 13 24 
 18 21 5 13 23 
 19 27 5 13 29 
 20 23 5 13 25 
 19 23 5 13 25 
 17 22 4 12 24 
 17 22 5 13 24 
 17 23 5 13 25 
 17 23 5 13 25 
 17 24 5 13 26 
 19 23 5 13 25 
 16 22 5 13 24 
 18 24 5 13 26 
 17 23 5 13 25 
 20 27 5 13 29 
 18 23 5 13 25 
 15 22 5 13 24 
 16 20 5 13 22 
 16 21 5 13 23 
 16 21 5 13 23 
 16 21 5 13 23 
 19 24 5 13 26 
 18 22 5 13 24 
 16 22 5 13 24 
 18 26 5 13 28 
 18 23 5 13 25 
 14 19 5 13 21 
 17 22 5 13 24 
 17 25 5 13 27 
 19 25 5 13 27 
 17 22 5 13 24 
 19 28 5 13 30 
 16 23 5 13 25 
 17 22 5 13 24 
 17 22 5 13 24 
 16 22 5 13 24 
 20 25 5 13 27 
 16 21 5 13 23 
 17 21 5 13 23 
 17 25 5 13 27 
 17 23 5 13 25 
 18 22 5 13 24 
 17 22 5 13 24 
 17 22 5 13 24 
 16 20 5 13 22 
 17 20 5 13 22 
 18 22 5 13 24 
 18 23 5 13 25 
 15 22 5 13 24 
 15 20 5 13 22 
 19 23 5 13 25 
 17 21 5 13 23 
 17 21 5 13 23 
 17 20 5 13 22 
 18 24 5 13 26 
 21 26 5 13 28 
 18 22 5 13 24 
 17 21 5 13 23 
 19 23 5 13 25 
 15 20 5 13 22 
 16 20 5 13 22 
 18 22 5 13 24 
 19 22 5 13 24 
 16 21 5 13 23 
 18 23 5 13 25 
 18 23 5 13 25 
 18 21 5 13 23 
 19 23 5 13 25 
 16 25 5 13 27 
 17 25 5 13 27 
 15 20 5 13 22 
 15 20 5 13 22 
 16 20 5 13 22 
 16 20 4 12 22 
 16 23 5 13 25 
 17 24 5 13 26 
 18 22 5 13 24 
 18 21 5 13 23 
 17 21 5 13 23 
 16 22 5 13 24 
