train-seats number-passengers partition-boarding boarding-in-lines boarding-behaviour
 "lines" 50 25 0 "bad" 
counter-boarding-inside counter-boarding-finished counter-alighting-outside counter-alighting-finished ticks
 6 13 5 13 15 
 7 13 5 13 15 
 8 16 5 13 18 
 8 15 5 13 17 
 8 15 5 13 17 
 10 17 5 13 19 
 11 18 5 13 20 
 7 13 5 13 15 
 6 13 5 13 15 
 8 15 5 13 17 
 10 16 5 13 18 
 10 17 5 13 19 
 12 19 5 13 21 
 7 13 5 13 15 
 7 13 5 13 15 
 8 14 5 13 16 
 8 14 4 12 16 
 7 14 5 13 16 
 10 17 5 13 19 
 8 16 5 13 18 
 7 14 5 13 16 
 13 18 5 13 20 
 9 16 4 12 18 
 9 16 5 13 18 
 7 13 5 13 15 
 7 13 5 13 15 
 7 15 5 13 17 
 11 20 5 13 22 
 11 17 5 13 19 
 11 18 5 13 20 
 8 14 4 12 16 
 7 13 5 13 15 
 6 13 5 13 15 
 8 14 5 13 16 
 10 16 5 13 18 
 10 16 5 13 18 
 8 15 5 13 17 
 9 17 5 13 19 
 9 16 5 13 18 
 8 15 5 13 17 
 7 14 5 13 16 
 10 17 5 13 19 
 9 16 5 13 18 
 7 14 5 13 16 
 8 15 5 13 17 
 9 17 5 13 19 
 8 15 5 13 17 
 7 14 5 13 16 
 7 13 5 13 15 
 12 16 4 12 18 
 13 22 5 13 24 
 8 15 5 13 17 
 10 17 5 13 19 
 11 19 5 13 21 
 8 15 5 13 17 
 8 14 5 13 16 
 13 19 5 13 21 
 10 16 5 13 18 
 6 13 5 13 15 
 7 13 5 13 15 
 8 16 5 13 18 
 10 15 5 13 17 
 10 16 5 13 18 
 11 16 5 13 18 
 8 16 5 13 18 
 11 19 5 13 21 
 10 17 5 13 19 
 7 17 5 13 19 
 9 16 5 13 18 
 7 13 5 13 15 
 9 14 5 13 16 
 11 18 5 13 20 
 11 18 5 13 20 
 7 15 5 13 17 
 8 15 5 13 17 
 10 17 5 13 19 
 8 14 5 13 16 
 11 21 5 13 23 
 7 14 5 13 16 
 11 17 5 13 19 
 10 17 5 13 19 
 10 17 5 13 19 
 10 18 5 13 20 
 9 16 5 13 18 
 7 14 5 13 16 
 7 13 5 13 15 
 10 15 5 13 17 
 11 18 5 13 20 
 9 16 5 13 18 
 7 13 5 13 15 
 9 15 5 13 17 
 11 21 5 13 23 
 8 14 5 13 16 
 11 19 5 13 21 
 10 17 5 13 19 
 8 15 4 12 17 
 10 17 5 13 19 
 7 13 5 13 15 
 8 17 4 12 19 
 11 18 5 13 20 
