train-seats number-passengers partition-boarding boarding-in-lines boarding-behaviour
 "lines" 200 101 0.5 "bad" 
counter-boarding-inside counter-boarding-finished counter-alighting-outside counter-alighting-finished ticks
 16 22 5 13 24 
 17 21 5 13 23 
 17 20 5 13 22 
 16 24 5 13 26 
 15 19 5 13 21 
 14 19 5 13 21 
 13 18 5 13 20 
 13 21 5 13 23 
 19 22 5 13 24 
 20 26 5 13 28 
 13 20 5 13 22 
 15 19 5 13 21 
 13 18 5 13 20 
 18 21 4 12 23 
 21 25 5 13 27 
 16 23 5 13 25 
 16 20 5 13 22 
 16 21 5 13 23 
 18 23 5 13 25 
 16 21 5 13 23 
 18 24 5 13 26 
 17 22 5 13 24 
 15 21 5 13 23 
 13 18 5 13 20 
 14 18 5 13 20 
 17 22 5 13 24 
 14 22 5 13 24 
 14 21 5 13 23 
 17 22 5 13 24 
 14 19 5 13 21 
 16 20 5 13 22 
 14 21 5 13 23 
 15 20 5 13 22 
 16 20 5 13 22 
 17 20 5 13 22 
 15 21 5 13 23 
 16 20 5 13 22 
 18 21 5 13 23 
 15 19 5 13 21 
 16 21 5 13 23 
 16 20 5 13 22 
 15 20 5 13 22 
 14 19 5 13 21 
 15 19 5 13 21 
 15 22 5 13 24 
 13 18 5 13 20 
 14 19 5 13 21 
 20 24 5 13 26 
 15 23 5 13 25 
 15 20 5 13 22 
 15 21 5 13 23 
 15 21 5 13 23 
 14 19 5 13 21 
 14 21 5 13 23 
 15 19 5 13 21 
 14 17 5 13 19 
 14 20 5 13 22 
 15 21 5 13 23 
 18 21 5 13 23 
 16 22 4 12 24 
 16 23 5 13 25 
 13 17 5 13 19 
 13 18 5 13 20 
 16 25 5 13 27 
 16 20 5 13 22 
 15 20 5 13 22 
 13 20 5 13 22 
 15 23 5 13 25 
 14 21 5 13 23 
 15 19 5 13 21 
 16 22 5 13 24 
 18 21 5 13 23 
 15 19 5 13 21 
 16 19 5 13 21 
 15 18 5 13 20 
 13 19 5 13 21 
 20 24 5 13 26 
 15 19 5 13 21 
 16 20 5 13 22 
 14 19 5 13 21 
 17 22 5 13 24 
 15 22 5 13 24 
 15 19 5 13 21 
 16 21 5 13 23 
 14 18 5 13 20 
 15 21 5 13 23 
 14 19 5 13 21 
 14 19 5 13 21 
 14 18 5 13 20 
 13 20 5 13 22 
 14 18 5 13 20 
 15 21 5 13 23 
 19 23 5 13 25 
 16 22 5 13 24 
 16 21 5 13 23 
 13 20 5 13 22 
 17 26 5 13 28 
 18 21 5 13 23 
 14 22 5 13 24 
 13 19 5 13 21 
