train-seats number-passengers partition-boarding boarding-in-lines boarding-behaviour
 "doubles" 100 50 1 "bad" 
counter-boarding-inside counter-boarding-finished counter-alighting-outside counter-alighting-finished ticks
 11 16 5 13 18 
 13 19 5 13 21 
 13 19 5 13 21 
 13 20 5 13 22 
 15 20 5 13 22 
 12 18 5 13 20 
 11 16 5 13 18 
 11 16 5 13 18 
 13 18 5 13 20 
 11 17 5 13 19 
 13 19 5 13 21 
 11 17 5 13 19 
 10 16 5 13 18 
 13 18 5 13 20 
 13 18 5 13 20 
 12 19 5 13 21 
 10 15 5 13 17 
 13 17 5 13 19 
 12 17 5 13 19 
 11 16 5 13 18 
 14 19 5 13 21 
 11 16 5 13 18 
 11 17 5 13 19 
 11 17 5 13 19 
 10 17 4 12 19 
 13 18 5 13 20 
 15 19 5 13 21 
 10 16 5 13 18 
 10 15 5 13 17 
 12 19 5 13 21 
 10 15 5 13 17 
 13 21 5 13 23 
 10 17 5 13 19 
 13 18 5 13 20 
 11 16 4 12 18 
 13 18 5 13 20 
 11 17 5 13 19 
 11 16 5 13 18 
 10 16 5 13 18 
 10 15 4 12 17 
 9 15 5 13 17 
 11 18 5 13 20 
 13 19 5 13 21 
 14 19 5 13 21 
 10 16 5 13 18 
 11 16 5 13 18 
 10 16 5 13 18 
 15 20 5 13 22 
 10 17 5 13 19 
 12 19 5 13 21 
 16 21 5 13 23 
 11 18 5 13 20 
 11 16 5 13 18 
 10 15 5 13 17 
 13 18 5 13 20 
 11 17 5 13 19 
 11 19 5 13 21 
 12 18 5 13 20 
 11 17 5 13 19 
 14 19 5 13 21 
 13 18 5 13 20 
 10 16 5 13 18 
 12 17 5 13 19 
 11 18 5 13 20 
 11 16 5 13 18 
 12 18 5 13 20 
 10 16 5 13 18 
 12 17 5 13 19 
 12 17 4 12 19 
 12 18 5 13 20 
 15 21 5 13 23 
 12 18 5 13 20 
 10 16 5 13 18 
 11 17 5 13 19 
 10 16 5 13 18 
 9 15 5 13 17 
 11 16 5 13 18 
 16 21 5 13 23 
 15 20 5 13 22 
 11 16 5 13 18 
 10 16 5 13 18 
 10 16 5 13 18 
 11 16 5 13 18 
 11 17 5 13 19 
 10 15 5 13 17 
 14 23 5 13 25 
 10 16 5 13 18 
 14 19 5 13 21 
 10 15 4 12 17 
 21 26 5 13 28 
 11 17 5 13 19 
 11 16 5 13 18 
 10 15 5 13 17 
 11 16 5 13 18 
 13 18 5 13 20 
 14 19 5 13 21 
 12 17 5 13 19 
 10 16 5 13 18 
 12 18 5 13 20 
 10 15 5 13 17 
