train-seats number-passengers partition-boarding boarding-in-lines boarding-behaviour
 "doubles" 200 101 0 "mixed" 
counter-boarding-inside counter-boarding-finished counter-alighting-outside counter-alighting-finished ticks
 32 35 5 13 37 
 26 32 5 13 34 
 31 34 5 13 36 
 29 36 5 13 38 
 33 37 5 13 39 
 33 37 5 13 39 
 25 33 5 13 35 
 32 36 5 13 38 
 31 39 5 13 41 
 30 37 5 13 39 
 31 36 5 13 38 
 27 32 5 13 34 
 24 29 5 13 31 
 30 34 5 13 36 
 27 34 5 13 36 
 24 31 5 13 33 
 36 40 5 13 42 
 26 33 5 13 35 
 26 31 5 13 33 
 22 30 5 13 32 
 35 42 5 13 44 
 28 36 5 13 38 
 27 31 5 13 33 
 28 32 5 13 34 
 35 41 5 13 43 
 26 30 5 13 32 
 26 32 5 13 34 
 24 32 5 13 34 
 26 34 5 13 36 
 27 32 5 13 34 
 24 30 5 13 32 
 38 42 5 13 44 
 41 47 5 13 49 
 35 39 5 13 41 
 25 32 5 13 34 
 26 29 5 13 31 
 30 34 5 13 36 
 26 31 5 13 33 
 28 33 5 13 35 
 29 36 5 13 38 
 40 47 5 13 49 
 24 32 5 13 34 
 25 33 5 13 35 
 35 42 5 13 44 
 25 28 5 13 30 
 25 31 5 13 33 
 28 31 5 13 33 
 24 30 5 13 32 
 24 33 4 12 35 
 29 34 5 13 36 
 27 35 5 13 37 
 30 37 5 13 39 
 30 36 5 13 38 
 24 31 5 13 33 
 30 37 5 13 39 
 32 37 5 13 39 
 41 48 5 13 50 
 28 33 5 13 35 
 28 33 5 13 35 
 33 40 5 13 42 
 40 44 5 13 46 
 29 37 5 13 39 
 29 34 5 13 36 
 28 32 5 13 34 
 30 33 5 13 35 
 29 35 5 13 37 
 19 24 5 13 26 
 34 38 5 13 40 
 26 31 4 12 33 
 25 29 5 13 31 
 20 27 5 13 29 
 25 32 5 13 34 
 31 38 5 13 40 
 27 32 5 13 34 
 28 32 5 13 34 
 26 30 5 13 32 
 29 34 5 13 36 
 24 30 5 13 32 
 31 39 5 13 41 
 30 37 5 13 39 
 29 36 5 13 38 
 31 35 5 13 37 
 23 31 5 13 33 
 23 31 5 13 33 
 31 38 5 13 40 
 22 30 5 13 32 
 38 42 5 13 44 
 23 29 5 13 31 
 44 48 5 13 50 
 31 36 5 13 38 
 24 31 5 13 33 
 24 27 5 13 29 
 37 42 5 13 44 
 31 38 5 13 40 
 23 27 5 13 29 
 23 29 5 13 31 
 22 29 5 13 31 
 22 27 5 13 29 
 24 32 5 13 34 
 32 38 5 13 40 
