train-seats number-passengers partition-boarding boarding-in-lines boarding-behaviour
 "lines" 50 25 0.5 "mixed" 
counter-boarding-inside counter-boarding-finished counter-alighting-outside counter-alighting-finished ticks
 13 19 5 13 21 
 11 18 5 13 20 
 11 18 5 13 20 
 11 18 5 13 20 
 12 18 5 13 20 
 13 21 5 13 23 
 14 20 5 13 22 
 12 18 5 13 20 
 12 19 5 13 21 
 11 21 5 13 23 
 10 17 5 13 19 
 15 21 5 13 23 
 14 22 5 13 24 
 14 20 5 13 22 
 11 17 5 13 19 
 11 19 5 13 21 
 13 19 5 13 21 
 13 19 5 13 21 
 14 20 5 13 22 
 10 17 5 13 19 
 12 18 5 13 20 
 14 19 5 13 21 
 15 21 5 13 23 
 15 21 5 13 23 
 11 18 5 13 20 
 11 18 5 13 20 
 13 19 5 13 21 
 11 18 5 13 20 
 12 19 5 13 21 
 10 17 5 13 19 
 13 21 5 13 23 
 13 20 5 13 22 
 10 17 5 13 19 
 11 17 5 13 19 
 14 22 5 13 24 
 13 19 5 13 21 
 14 20 5 13 22 
 11 18 5 13 20 
 13 20 5 13 22 
 13 19 5 13 21 
 10 16 5 13 18 
 13 20 5 13 22 
 11 17 5 13 19 
 11 18 5 13 20 
 13 19 5 13 21 
 12 18 5 13 20 
 11 17 5 13 19 
 15 21 5 13 23 
 13 20 5 13 22 
 12 18 5 13 20 
 12 20 5 13 22 
 12 20 5 13 22 
 11 18 5 13 20 
 12 20 5 13 22 
 13 19 5 13 21 
 11 17 5 13 19 
 14 20 5 13 22 
 10 16 5 13 18 
 10 17 5 13 19 
 10 17 5 13 19 
 13 19 5 13 21 
 14 21 5 13 23 
 13 20 5 13 22 
 13 19 5 13 21 
 13 19 5 13 21 
 11 17 5 13 19 
 14 21 5 13 23 
 12 18 5 13 20 
 15 22 5 13 24 
 11 17 5 13 19 
 12 18 5 13 20 
 13 20 5 13 22 
 12 18 5 13 20 
 12 18 5 13 20 
 18 25 5 13 27 
 10 17 5 13 19 
 16 23 5 13 25 
 12 20 5 13 22 
 12 18 5 13 20 
 13 20 5 13 22 
 11 19 5 13 21 
 12 20 5 13 22 
 12 18 5 13 20 
 12 18 5 13 20 
 11 17 5 13 19 
 11 18 5 13 20 
 11 17 5 13 19 
 14 20 5 13 22 
 15 22 5 13 24 
 12 19 5 13 21 
 14 20 5 13 22 
 12 20 5 13 22 
 14 21 5 13 23 
 11 17 5 13 19 
 10 17 5 13 19 
 10 16 4 12 18 
 12 18 5 13 20 
 10 17 5 13 19 
 13 20 5 13 22 
 12 19 5 13 21 
