train-seats number-passengers partition-boarding boarding-in-lines boarding-behaviour
 "lines" 200 101 1 "good" 
counter-boarding-inside counter-boarding-finished counter-alighting-outside counter-alighting-finished ticks
 23 28 5 13 30 
 22 27 5 13 29 
 22 29 5 13 31 
 24 28 5 13 30 
 24 28 5 13 30 
 22 27 5 13 29 
 22 28 4 12 30 
 27 32 5 13 34 
 22 29 5 13 31 
 21 27 5 13 29 
 24 30 5 13 32 
 21 27 5 13 29 
 24 29 5 13 31 
 25 28 5 13 30 
 24 27 5 13 29 
 23 28 5 13 30 
 25 30 5 13 32 
 24 28 5 13 30 
 22 26 5 13 28 
 22 29 5 13 31 
 21 29 5 13 31 
 25 32 5 13 34 
 24 27 5 13 29 
 27 33 5 13 35 
 23 27 5 13 29 
 22 27 5 13 29 
 22 28 5 13 30 
 24 27 5 13 29 
 24 29 5 13 31 
 21 26 4 12 28 
 20 27 5 13 29 
 21 25 5 13 27 
 23 28 5 13 30 
 23 28 5 13 30 
 23 29 5 13 31 
 22 29 5 13 31 
 25 29 5 13 31 
 24 28 5 13 30 
 21 26 5 13 28 
 23 26 5 13 28 
 25 29 5 13 31 
 22 27 5 13 29 
 24 27 5 13 29 
 24 30 5 13 32 
 24 31 5 13 33 
 25 30 5 13 32 
 21 27 5 13 29 
 21 29 5 13 31 
 27 32 5 13 34 
 22 26 5 13 28 
 23 28 5 13 30 
 21 26 5 13 28 
 22 25 5 13 27 
 23 32 5 13 34 
 25 30 5 13 32 
 22 27 5 13 29 
 26 30 5 13 32 
 22 28 5 13 30 
 25 29 5 13 31 
 22 29 5 13 31 
 23 32 5 13 34 
 23 27 5 13 29 
 24 28 5 13 30 
 21 27 5 13 29 
 21 28 5 13 30 
 21 25 5 13 27 
 26 32 5 13 34 
 25 31 5 13 33 
 23 27 5 13 29 
 23 29 5 13 31 
 21 26 4 12 28 
 24 29 5 13 31 
 23 31 5 13 33 
 23 27 5 13 29 
 21 26 5 13 28 
 22 26 5 13 28 
 25 29 5 13 31 
 25 29 5 13 31 
 25 31 5 13 33 
 24 28 5 13 30 
 23 27 5 13 29 
 20 28 5 13 30 
 24 29 5 13 31 
 23 27 5 13 29 
 22 27 5 13 29 
 24 28 5 13 30 
 22 27 5 13 29 
 25 28 5 13 30 
 23 28 5 13 30 
 26 31 5 13 33 
 23 27 5 13 29 
 23 30 5 13 32 
 24 30 5 13 32 
 24 28 5 13 30 
 23 27 5 13 29 
 25 29 5 13 31 
 22 29 5 13 31 
 27 32 5 13 34 
 24 30 5 13 32 
 23 30 5 13 32 
