train-seats number-passengers partition-boarding boarding-in-lines boarding-behaviour
 "doubles" 100 50 0 "bad" 
counter-boarding-inside counter-boarding-finished counter-alighting-outside counter-alighting-finished ticks
 12 17 5 13 19 
 15 20 5 13 22 
 13 18 5 13 20 
 11 17 5 13 19 
 17 22 5 13 24 
 13 20 5 13 22 
 16 23 5 13 25 
 15 20 5 13 22 
 13 18 5 13 20 
 14 19 5 13 21 
 13 18 5 13 20 
 14 21 5 13 23 
 12 17 5 13 19 
 15 21 5 13 23 
 12 18 5 13 20 
 16 21 5 13 23 
 13 17 5 13 19 
 11 17 5 13 19 
 17 22 5 13 24 
 12 18 4 12 20 
 16 21 5 13 23 
 11 17 5 13 19 
 14 20 5 13 22 
 9 15 5 13 17 
 11 17 5 13 19 
 14 19 5 13 21 
 13 18 5 13 20 
 13 19 5 13 21 
 10 16 4 12 18 
 18 25 5 13 27 
 20 24 5 13 26 
 14 19 5 13 21 
 13 19 5 13 21 
 9 15 5 13 17 
 13 22 5 13 24 
 11 18 5 13 20 
 15 20 5 13 22 
 13 19 5 13 21 
 15 19 5 13 21 
 15 21 5 13 23 
 15 22 5 13 24 
 14 19 5 13 21 
 14 19 5 13 21 
 14 21 5 13 23 
 21 25 5 13 27 
 14 19 5 13 21 
 13 18 5 13 20 
 15 21 5 13 23 
 12 17 5 13 19 
 12 17 5 13 19 
 16 21 5 13 23 
 10 16 4 12 18 
 17 22 5 13 24 
 10 16 5 13 18 
 12 18 5 13 20 
 16 21 5 13 23 
 14 20 5 13 22 
 14 20 5 13 22 
 12 18 5 13 20 
 13 18 5 13 20 
 15 21 5 13 23 
 18 22 5 13 24 
 11 17 5 13 19 
 21 26 5 13 28 
 13 19 5 13 21 
 14 19 5 13 21 
 14 20 5 13 22 
 15 20 5 13 22 
 13 19 5 13 21 
 9 15 5 13 17 
 15 20 5 13 22 
 15 20 5 13 22 
 14 19 5 13 21 
 15 20 5 13 22 
 13 18 5 13 20 
 14 19 5 13 21 
 13 19 5 13 21 
 12 17 5 13 19 
 16 23 5 13 25 
 15 20 5 13 22 
 11 17 5 13 19 
 17 22 5 13 24 
 16 21 5 13 23 
 15 20 4 12 22 
 13 18 5 13 20 
 18 23 5 13 25 
 10 16 5 13 18 
 13 20 5 13 22 
 15 21 5 13 23 
 13 18 5 13 20 
 18 25 5 13 27 
 9 16 5 13 18 
 13 18 5 13 20 
 15 20 5 13 22 
 13 18 5 13 20 
 14 19 4 12 21 
 12 18 5 13 20 
 19 23 5 13 25 
 15 20 5 13 22 
 18 24 5 13 26 
