train-seats number-passengers partition-boarding boarding-in-lines boarding-behaviour
 "lines" 100 50 1 "good" 
counter-boarding-inside counter-boarding-finished counter-alighting-outside counter-alighting-finished ticks
 15 22 5 13 24 
 16 22 5 13 24 
 16 21 5 13 23 
 16 22 5 13 24 
 17 24 5 13 26 
 17 23 5 13 25 
 17 25 5 13 27 
 17 22 5 13 24 
 14 20 5 13 22 
 16 22 5 13 24 
 16 22 5 13 24 
 15 21 4 12 23 
 16 23 5 13 25 
 17 23 5 13 25 
 15 20 5 13 22 
 16 22 5 13 24 
 17 23 5 13 25 
 18 23 5 13 25 
 18 23 5 13 25 
 19 25 5 13 27 
 16 22 5 13 24 
 17 23 5 13 25 
 17 24 5 13 26 
 15 24 4 12 26 
 15 21 5 13 23 
 17 23 5 13 25 
 19 23 5 13 25 
 18 24 5 13 26 
 14 20 5 13 22 
 15 22 5 13 24 
 16 23 5 13 25 
 19 24 5 13 26 
 16 22 5 13 24 
 16 25 5 13 27 
 17 24 5 13 26 
 15 22 5 13 24 
 18 25 4 12 27 
 15 21 5 13 23 
 17 23 5 13 25 
 15 22 4 12 24 
 19 28 5 13 30 
 17 22 5 13 24 
 17 25 5 13 27 
 16 24 5 13 26 
 18 23 5 13 25 
 20 26 5 13 28 
 17 26 5 13 28 
 15 21 5 13 23 
 16 23 5 13 25 
 15 20 5 13 22 
 15 24 5 13 26 
 13 22 5 13 24 
 16 22 5 13 24 
 17 27 5 13 29 
 16 22 5 13 24 
 17 22 5 13 24 
 17 23 5 13 25 
 16 23 5 13 25 
 16 24 5 13 26 
 16 24 5 13 26 
 16 22 5 13 24 
 15 21 5 13 23 
 15 21 5 13 23 
 15 20 5 13 22 
 18 24 5 13 26 
 15 21 5 13 23 
 15 22 5 13 24 
 16 24 5 13 26 
 18 24 5 13 26 
 15 24 5 13 26 
 17 23 5 13 25 
 14 21 5 13 23 
 16 22 5 13 24 
 20 25 5 13 27 
 18 25 5 13 27 
 19 25 5 13 27 
 14 20 5 13 22 
 18 22 5 13 24 
 14 23 4 12 25 
 19 24 5 13 26 
 16 21 5 13 23 
 18 24 5 13 26 
 17 23 5 13 25 
 17 23 5 13 25 
 16 23 5 13 25 
 20 26 5 13 28 
 15 21 5 13 23 
 16 22 5 13 24 
 17 21 4 12 23 
 15 21 5 13 23 
 16 25 5 13 27 
 18 24 5 13 26 
 16 24 5 13 26 
 16 21 5 13 23 
 20 24 5 13 26 
 17 22 5 13 24 
 17 23 5 13 25 
 16 21 5 13 23 
 16 23 5 13 25 
 17 24 5 13 26 
