train-seats number-passengers partition-boarding boarding-in-lines boarding-behaviour
 "lines" 100 50 0 "good" 
counter-boarding-inside counter-boarding-finished counter-alighting-outside counter-alighting-finished ticks
 17 23 5 13 25 
 20 26 5 13 28 
 16 20 4 12 22 
 17 25 5 13 27 
 19 24 5 13 26 
 19 27 5 13 29 
 16 24 5 13 26 
 18 24 5 13 26 
 21 25 5 13 27 
 20 29 5 13 31 
 14 23 5 13 25 
 16 22 5 13 24 
 16 23 5 13 25 
 21 25 5 13 27 
 17 24 5 13 26 
 14 22 5 13 24 
 18 28 5 13 30 
 14 22 5 13 24 
 19 25 5 13 27 
 16 22 5 13 24 
 14 20 5 13 22 
 17 26 5 13 28 
 20 26 4 12 28 
 14 21 5 13 23 
 19 23 5 13 25 
 19 23 5 13 25 
 16 24 5 13 26 
 16 22 5 13 24 
 15 23 5 13 25 
 18 23 5 13 25 
 19 28 5 13 30 
 14 23 5 13 25 
 15 25 5 13 27 
 18 24 5 13 26 
 16 20 5 13 22 
 15 21 5 13 23 
 17 24 5 13 26 
 17 25 5 13 27 
 15 23 4 12 25 
 16 23 5 13 25 
 17 24 4 12 26 
 16 23 5 13 25 
 18 22 5 13 24 
 17 24 5 13 26 
 20 25 5 13 27 
 14 21 5 13 23 
 20 27 5 13 29 
 15 21 5 13 23 
 14 24 5 13 26 
 17 22 5 13 24 
 17 23 5 13 25 
 21 27 5 13 29 
 17 24 5 13 26 
 20 25 5 13 27 
 21 25 5 13 27 
 17 22 5 13 24 
 19 24 5 13 26 
 17 23 5 13 25 
 17 24 5 13 26 
 16 25 5 13 27 
 15 22 5 13 24 
 17 22 5 13 24 
 17 24 5 13 26 
 16 26 5 13 28 
 16 26 5 13 28 
 15 22 5 13 24 
 17 25 5 13 27 
 16 22 5 13 24 
 15 21 4 12 23 
 18 25 5 13 27 
 14 22 5 13 24 
 21 26 5 13 28 
 17 23 5 13 25 
 18 26 5 13 28 
 17 26 5 13 28 
 15 21 5 13 23 
 16 23 5 13 25 
 14 24 5 13 26 
 16 22 5 13 24 
 19 25 5 13 27 
 17 22 5 13 24 
 18 24 5 13 26 
 14 22 5 13 24 
 18 23 5 13 25 
 17 24 5 13 26 
 16 22 5 13 24 
 15 21 5 13 23 
 14 22 5 13 24 
 15 20 4 12 22 
 17 21 5 13 23 
 15 22 5 13 24 
 18 22 5 13 24 
 15 24 5 13 26 
 18 26 5 13 28 
 17 23 5 13 25 
 20 28 5 13 30 
 17 23 5 13 25 
 18 22 5 13 24 
 15 20 5 13 22 
 17 24 5 13 26 
