train-seats number-passengers partition-boarding boarding-in-lines boarding-behaviour
 "doubles" 200 101 1 "bad" 
counter-boarding-inside counter-boarding-finished counter-alighting-outside counter-alighting-finished ticks
 36 45 5 13 47 
 23 27 5 13 29 
 28 35 5 13 37 
 24 31 5 13 33 
 24 30 5 13 32 
 30 35 5 13 37 
 20 26 5 13 28 
 33 41 5 13 43 
 29 34 5 13 36 
 32 40 5 13 42 
 23 28 5 13 30 
 24 30 5 13 32 
 32 37 5 13 39 
 25 29 5 13 31 
 30 36 5 13 38 
 28 32 5 13 34 
 30 34 5 13 36 
 27 31 5 13 33 
 24 29 5 13 31 
 26 31 5 13 33 
 24 30 5 13 32 
 31 37 5 13 39 
 22 29 5 13 31 
 27 31 5 13 33 
 29 33 5 13 35 
 26 29 5 13 31 
 23 27 5 13 29 
 26 32 5 13 34 
 23 31 5 13 33 
 27 31 5 13 33 
 22 29 5 13 31 
 29 33 5 13 35 
 23 28 5 13 30 
 24 28 5 13 30 
 29 34 5 13 36 
 27 31 5 13 33 
 26 32 5 13 34 
 33 39 5 13 41 
 27 32 5 13 34 
 35 39 5 13 41 
 37 46 5 13 48 
 26 32 5 13 34 
 22 26 5 13 28 
 25 30 5 13 32 
 24 29 5 13 31 
 25 30 5 13 32 
 29 35 5 13 37 
 28 33 5 13 35 
 25 30 5 13 32 
 25 29 5 13 31 
 27 31 5 13 33 
 21 26 5 13 28 
 29 33 5 13 35 
 37 42 5 13 44 
 38 42 5 13 44 
 32 35 5 13 37 
 30 34 5 13 36 
 29 34 5 13 36 
 29 34 5 13 36 
 34 43 5 13 45 
 23 29 5 13 31 
 29 35 5 13 37 
 33 39 5 13 41 
 32 38 5 13 40 
 21 27 5 13 29 
 25 32 5 13 34 
 26 29 5 13 31 
 26 31 5 13 33 
 25 30 5 13 32 
 24 31 5 13 33 
 30 35 5 13 37 
 29 34 5 13 36 
 21 27 5 13 29 
 24 28 5 13 30 
 29 36 5 13 38 
 26 32 5 13 34 
 26 32 5 13 34 
 35 40 5 13 42 
 23 31 5 13 33 
 24 29 5 13 31 
 30 35 5 13 37 
 28 32 5 13 34 
 26 30 5 13 32 
 26 35 5 13 37 
 24 29 5 13 31 
 26 33 5 13 35 
 27 34 5 13 36 
 25 30 5 13 32 
 31 35 5 13 37 
 27 31 5 13 33 
 27 33 5 13 35 
 22 29 5 13 31 
 28 37 5 13 39 
 23 29 5 13 31 
 32 36 5 13 38 
 28 32 5 13 34 
 25 29 5 13 31 
 45 52 5 13 54 
 35 40 5 13 42 
 31 39 5 13 41 
