train-seats number-passengers partition-boarding boarding-in-lines boarding-behaviour
 "doubles" 200 101 1 "mixed" 
counter-boarding-inside counter-boarding-finished counter-alighting-outside counter-alighting-finished ticks
 30 34 5 13 36 
 31 37 5 13 39 
 24 30 5 13 32 
 26 34 5 13 36 
 28 37 5 13 39 
 29 34 5 13 36 
 25 30 5 13 32 
 27 32 5 13 34 
 32 38 5 13 40 
 29 35 5 13 37 
 26 35 5 13 37 
 28 33 5 13 35 
 29 34 5 13 36 
 26 31 5 13 33 
 23 30 5 13 32 
 28 33 5 13 35 
 33 37 5 13 39 
 25 32 5 13 34 
 25 29 5 13 31 
 25 33 5 13 35 
 33 38 5 13 40 
 26 32 5 13 34 
 27 32 5 13 34 
 25 30 5 13 32 
 27 32 5 13 34 
 24 31 5 13 33 
 33 37 5 13 39 
 23 28 5 13 30 
 33 36 5 13 38 
 33 39 5 13 41 
 28 31 5 13 33 
 32 37 5 13 39 
 39 45 5 13 47 
 35 38 5 13 40 
 26 30 5 13 32 
 33 40 5 13 42 
 35 38 5 13 40 
 24 33 5 13 35 
 23 29 5 13 31 
 23 27 5 13 29 
 28 32 5 13 34 
 22 28 5 13 30 
 38 42 5 13 44 
 32 37 5 13 39 
 28 34 5 13 36 
 38 45 5 13 47 
 26 35 5 13 37 
 24 29 5 13 31 
 26 31 5 13 33 
 27 31 5 13 33 
 27 31 5 13 33 
 27 32 5 13 34 
 30 33 5 13 35 
 25 33 5 13 35 
 24 28 5 13 30 
 31 37 5 13 39 
 23 30 5 13 32 
 32 37 5 13 39 
 29 35 5 13 37 
 35 40 5 13 42 
 36 41 5 13 43 
 32 37 5 13 39 
 31 35 5 13 37 
 28 33 5 13 35 
 25 32 5 13 34 
 32 38 5 13 40 
 26 30 5 13 32 
 28 33 5 13 35 
 25 31 5 13 33 
 25 31 5 13 33 
 35 41 5 13 43 
 27 32 5 13 34 
 22 31 5 13 33 
 28 32 5 13 34 
 24 28 5 13 30 
 28 36 5 13 38 
 35 39 5 13 41 
 26 31 5 13 33 
 33 42 5 13 44 
 30 36 5 13 38 
 35 39 5 13 41 
 29 33 5 13 35 
 28 34 5 13 36 
 32 37 5 13 39 
 23 31 5 13 33 
 26 32 5 13 34 
 29 33 5 13 35 
 28 36 5 13 38 
 25 29 5 13 31 
 24 27 5 13 29 
 33 38 5 13 40 
 29 35 5 13 37 
 27 31 5 13 33 
 23 27 5 13 29 
 31 35 5 13 37 
 32 36 5 13 38 
 25 34 5 13 36 
 28 33 5 13 35 
 28 33 5 13 35 
 25 31 5 13 33 
