train-seats number-passengers partition-boarding boarding-in-lines boarding-behaviour
 "doubles" 100 50 0.5 "bad" 
counter-boarding-inside counter-boarding-finished counter-alighting-outside counter-alighting-finished ticks
 10 16 5 13 18 
 12 17 5 13 19 
 11 16 5 13 18 
 11 17 5 13 19 
 10 16 5 13 18 
 10 16 5 13 18 
 11 17 5 13 19 
 16 23 5 13 25 
 12 19 5 13 21 
 17 24 5 13 26 
 11 16 5 13 18 
 11 16 5 13 18 
 11 16 5 13 18 
 9 15 5 13 17 
 17 22 5 13 24 
 11 16 5 13 18 
 10 16 5 13 18 
 8 16 5 13 18 
 13 18 5 13 20 
 13 18 5 13 20 
 9 17 5 13 19 
 13 19 5 13 21 
 10 15 5 13 17 
 9 15 5 13 17 
 13 19 4 12 21 
 11 16 5 13 18 
 10 16 5 13 18 
 11 16 5 13 18 
 14 19 5 13 21 
 11 17 5 13 19 
 9 15 5 13 17 
 12 18 5 13 20 
 8 16 5 13 18 
 13 20 5 13 22 
 13 19 5 13 21 
 11 16 5 13 18 
 13 18 5 13 20 
 11 16 5 13 18 
 10 16 5 13 18 
 12 19 5 13 21 
 10 16 5 13 18 
 11 16 5 13 18 
 11 17 5 13 19 
 11 17 5 13 19 
 12 17 5 13 19 
 10 16 5 13 18 
 9 15 5 13 17 
 13 19 5 13 21 
 14 19 5 13 21 
 12 17 5 13 19 
 12 17 5 13 19 
 11 16 5 13 18 
 9 15 5 13 17 
 13 21 5 13 23 
 13 19 5 13 21 
 14 19 5 13 21 
 16 21 5 13 23 
 10 16 5 13 18 
 12 17 5 13 19 
 12 18 5 13 20 
 10 16 5 13 18 
 13 18 5 13 20 
 13 18 5 13 20 
 10 15 5 13 17 
 9 16 5 13 18 
 13 18 5 13 20 
 11 17 5 13 19 
 11 17 5 13 19 
 10 17 5 13 19 
 10 16 5 13 18 
 9 15 5 13 17 
 9 15 5 13 17 
 13 19 5 13 21 
 9 17 5 13 19 
 12 17 5 13 19 
 9 15 5 13 17 
 11 16 5 13 18 
 9 15 5 13 17 
 10 15 5 13 17 
 10 15 5 13 17 
 10 16 5 13 18 
 11 16 5 13 18 
 11 19 5 13 21 
 10 16 5 13 18 
 10 15 5 13 17 
 15 20 5 13 22 
 11 17 5 13 19 
 10 17 5 13 19 
 9 14 5 13 16 
 10 15 5 13 17 
 11 16 5 13 18 
 9 14 5 13 16 
 11 16 5 13 18 
 11 17 5 13 19 
 10 16 5 13 18 
 10 15 5 13 17 
 10 15 5 13 17 
 9 14 5 13 16 
 17 23 5 13 25 
 10 16 5 13 18 
