train-seats number-passengers partition-boarding boarding-in-lines boarding-behaviour
 "doubles" 200 101 0.5 "bad" 
counter-boarding-inside counter-boarding-finished counter-alighting-outside counter-alighting-finished ticks
 24 30 5 13 32 
 26 30 5 13 32 
 38 41 5 13 43 
 32 37 5 13 39 
 32 39 4 12 41 
 18 23 5 13 25 
 21 25 5 13 27 
 24 31 5 13 33 
 19 23 5 13 25 
 25 31 5 13 33 
 28 33 5 13 35 
 24 32 5 13 34 
 26 30 5 13 32 
 33 39 5 13 41 
 27 33 5 13 35 
 21 27 5 13 29 
 24 30 5 13 32 
 27 34 5 13 36 
 22 27 5 13 29 
 32 35 5 13 37 
 23 28 5 13 30 
 22 27 5 13 29 
 24 28 5 13 30 
 28 34 5 13 36 
 26 31 5 13 33 
 25 30 5 13 32 
 26 33 5 13 35 
 23 27 5 13 29 
 20 26 5 13 28 
 26 30 5 13 32 
 27 32 5 13 34 
 26 33 5 13 35 
 27 31 5 13 33 
 27 31 5 13 33 
 20 24 5 13 26 
 22 28 5 13 30 
 25 29 5 13 31 
 24 28 5 13 30 
 26 33 5 13 35 
 33 37 5 13 39 
 23 27 5 13 29 
 32 36 5 13 38 
 19 24 5 13 26 
 26 32 5 13 34 
 24 30 5 13 32 
 19 24 5 13 26 
 27 32 5 13 34 
 32 36 5 13 38 
 23 27 5 13 29 
 19 24 5 13 26 
 28 37 5 13 39 
 29 33 5 13 35 
 28 34 5 13 36 
 20 25 5 13 27 
 21 27 5 13 29 
 28 34 5 13 36 
 34 37 5 13 39 
 27 31 5 13 33 
 20 25 5 13 27 
 26 33 5 13 35 
 27 36 5 13 38 
 18 23 5 13 25 
 19 25 5 13 27 
 29 33 5 13 35 
 25 29 5 13 31 
 26 32 5 13 34 
 19 23 5 13 25 
 25 29 5 13 31 
 31 37 5 13 39 
 23 27 5 13 29 
 21 27 5 13 29 
 24 28 5 13 30 
 22 28 5 13 30 
 25 32 5 13 34 
 25 30 5 13 32 
 21 28 4 12 30 
 22 27 5 13 29 
 22 26 5 13 28 
 25 30 5 13 32 
 32 37 5 13 39 
 22 27 5 13 29 
 20 26 5 13 28 
 30 35 5 13 37 
 23 29 5 13 31 
 21 30 5 13 32 
 21 26 5 13 28 
 32 37 5 13 39 
 22 27 5 13 29 
 24 29 5 13 31 
 25 31 5 13 33 
 23 29 5 13 31 
 27 31 5 13 33 
 31 35 5 13 37 
 30 33 5 13 35 
 24 29 5 13 31 
 27 33 5 13 35 
 22 31 5 13 33 
 23 27 5 13 29 
 25 32 5 13 34 
 17 22 5 13 24 
